1.000000000000000000e+00 0.000000000000000000e+00 0.000000000000000000e+00 0.000000000000000000e+00 0.000000000000000000e+00 1.000000000000000000e+00 0.000000000000000000e+00 0.000000000000000000e+00 0.000000000000000000e+00 0.000000000000000000e+00 1.000000000000000000e+00 0.000000000000000000e+00
9.999986861986751574e-01 -1.578762651798833487e-03 -3.675723229946241399e-04 -1.411076569441944116e-02 1.579196614036512767e-03 9.999980529254298700e-01 1.183335710416798942e-03 0.000000000000000000e+00 3.657034010797477475e-04 -1.183914624716658065e-03 9.999992323032971253e-01 1.310694262624454653e+00
9.999958894131600884e-01 -2.867076984986688653e-03 3.203661305481409030e-05 -6.890979811319776493e-02 2.867038887482861211e-03 9.999952494263817382e-01 1.131906659731014408e-03 0.000000000000000000e+00 -3.528172439580300266e-05 -1.131810156714955487e-03 9.999993588802789102e-01 2.624423849586082547e+00
9.999850154619046583e-01 -5.342680431306158148e-03 1.193573400772460213e-03 -1.315560838637832852e-01 5.340432425526026733e-03 9.999839749322689819e-01 1.878738983347201866e-03 0.000000000000000000e+00 -1.203591775679745211e-03 -1.872336633219647559e-03 9.999975228581166053e-01 3.939531959353812063e+00
9.999819233190073708e-01 -5.949477808259351699e-03 -8.699132301189564870e-04 -8.911444339655885671e-02 5.950492569918404070e-03 9.999816128236295176e-01 1.168611495715866097e-03 0.000000000000000000e+00 8.629446067106984284e-04 -1.173766783310997795e-03 9.999989387985089850e-01 5.258316665906017207e+00
9.999793602699986739e-01 -6.086037540760006956e-03 -2.058927161633569702e-03 -3.568465982062857256e-02 6.089113960357840291e-03 9.999803492668271065e-01 1.491231495144062884e-03 0.000000000000000000e+00 2.049811011343856317e-03 -1.503737758651953324e-03 9.999967685185643385e-01 6.577961902924976734e+00
9.999697976174966030e-01 -7.512172639390418336e-03 -1.992765680926601637e-03 -4.686091918976315746e-02 7.517225920688941528e-03 9.999685179377419963e-01 2.540560539153074050e-03 0.000000000000000000e+00 1.973617815182399440e-03 -2.555463878002471080e-03 9.999947872049573805e-01 7.905142357690012389e+00
9.999751518120907345e-01 -6.888683585100187530e-03 -1.497263120257949411e-03 -8.837707686938001128e-02 6.893120536323764889e-03 9.999718057334736621e-01 2.978695588222130246e-03 0.000000000000000000e+00 1.476701614618831492e-03 -2.988942388197050101e-03 9.999944427724294371e-01 9.234780425820416028e+00
9.999801682647432299e-01 -6.093419553620817684e-03 -1.591639205516050303e-03 -1.336359987403123450e-01 6.095366316908636117e-03 9.999806774707895585e-01 1.221144759239908536e-03 0.000000000000000000e+00 1.584167503667022626e-03 -1.230822165822411480e-03 9.999979877430338338e-01 1.056478681674501630e+01
9.999924749159235793e-01 -3.117436972464737548e-03 -2.309047043731433241e-03 -1.242082196264375493e-01 3.114726768163653733e-03 9.999944572643257867e-01 -1.176400350918098371e-03 0.000000000000000000e+00 2.312701599242149731e-03 1.169199447770379692e-03 9.999966421863448751e-01 1.189945406445568565e+01
9.999986761078083486e-01 5.155820639576152433e-04 -1.543359247425478767e-03 -1.898053580287813458e-01 -5.185864995793362580e-04 9.999979702850246843e-01 -1.946919072199787895e-03 0.000000000000000000e+00 1.542352318292193472e-03 1.947716859958465059e-03 9.999969137694176835e-01 1.323573523976842381e+01
9.999914133366804014e-01 3.336606433623536157e-03 -2.457704297994310876e-03 -1.865101209414181394e-01 -3.342168372094954203e-03 9.999918555987173940e-01 -2.262442663813035715e-03 0.000000000000000000e+00 2.450135400716185047e-03 2.270637298552227040e-03 9.999944205058232116e-01 1.457427891470809023e+01
9.999827270135203117e-01 4.994183436863079695e-03 -3.099000871736420221e-03 -1.909542682452299578e-01 -5.000289133180710159e-03 9.999855666501591411e-01 -1.965604218914659106e-03 0.000000000000000000e+00 3.089139554738841963e-03 1.981066167442135754e-03 9.999932662741544132e-01 1.592463412140278223e+01
9.999925024067057855e-01 2.833418578660483120e-03 -2.639482815542283298e-03 -2.116197350523630616e-01 -2.831516159304800755e-03 9.999957290068658411e-01 7.242128607393763778e-04 0.000000000000000000e+00 2.641523540503510226e-03 -7.167336926415559780e-04 9.999962543160846318e-01 1.727616578789040247e+01
9.999970009896009815e-01 -1.074631711922696513e-03 -2.200722265270341291e-03 -2.350718709722433297e-01 1.080479506264801857e-03 9.999958844474741149e-01 2.657753214991087978e-03 0.000000000000000000e+00 2.197857102194889379e-03 -2.660123079668464448e-03 9.999940465669583389e-01 1.862855187023941284e+01
9.999974713417142391e-01 -1.666847690113702242e-03 -1.509612187393911172e-03 -2.438098235717525986e-01 1.665002172112187411e-03 9.999978660854754731e-01 -1.222944096719774231e-03 0.000000000000000000e+00 1.511647427553213397e-03 1.220427496740702014e-03 9.999981127376094125e-01 1.998063780616910634e+01
9.999935550998764189e-01 -2.897796242299512277e-03 -2.119560249134020639e-03 -2.513034325291175763e-01 2.892178524635738521e-03 9.999923098241856323e-01 -2.648697014188554615e-03 0.000000000000000000e+00 2.127219333597679066e-03 2.642549796966327681e-03 9.999942459176842657e-01 2.133538600723953849e+01
9.999984604684981626e-01 -5.915525017156678892e-04 -1.652006741171618788e-03 -2.715826711075699507e-01 5.843988735070179902e-04 9.999904660136467172e-01 -4.327396419019614859e-03 0.000000000000000000e+00 1.654550873139406120e-03 4.326424325977643037e-03 9.999892721994374511e-01 2.270003484044749698e+01
9.999960235156367672e-01 2.483289193223164968e-03 -1.336498297261080100e-03 -2.979294257686384562e-01 -2.486924838924499913e-03 9.999931933362461445e-01 -2.725524907908608106e-03 0.000000000000000000e+00 1.329720933616820736e-03 2.728837840713774221e-03 9.999953926325256814e-01 2.406636791345857418e+01
9.999961893214511788e-01 2.709328009567480051e-03 -5.299852023580433691e-04 -3.334312864874288684e-01 -2.708804569452928374e-03 9.999958451932333681e-01 9.858874563859506938e-04 0.000000000000000000e+00 5.326540928715550911e-04 -9.844480731481834376e-04 9.999993735706088627e-01 2.544266678482836497e+01
9.999997018719617436e-01 5.719380979122405152e-04 5.187897479470073578e-04 -3.645965286852574927e-01 -5.733615714217289326e-04 9.999960602836517332e-01 2.747848919378085598e-03 0.000000000000000000e+00 -5.172161045784582278e-04 -2.748145554272710643e-03 9.999960900841138312e-01 2.681406399855684342e+01
9.999893410424308682e-01 -4.616755775738460611e-03 -5.803132364390734915e-05 -3.778057758132263855e-01 4.616828720685725411e-03 9.999884620348854503e-01 1.326909819361765533e-03 0.000000000000000000e+00 5.190463550796725102e-05 -1.327163596568201867e-03 9.999991179709600830e-01 2.818862755010997745e+01
9.999907348852130617e-01 -4.304350758195637540e-03 -5.204118001828498597e-05 -3.798736629400411013e-01 4.304291911976308727e-03 9.999901506591780675e-01 -1.082430492546669360e-03 0.000000000000000000e+00 5.669982795812325902e-05 1.082196463273433834e-03 9.999994128178004704e-01 2.956422161326695885e+01
9.999921958557875801e-01 -3.933506915701382584e-03 3.684438452355507493e-04 -3.947968919509988739e-01 3.934919737233510614e-03 9.999845916668526069e-01 -3.915716478468843180e-03 0.000000000000000000e+00 -3.530356702821832969e-04 3.917135716611190935e-03 9.999922656768873708e-01 3.094411260043349543e+01
9.999976712857957528e-01 -1.840850208856709266e-03 -1.126362950966463671e-03 -3.818975513530304955e-01 1.835793332959113899e-03 9.999883054321109244e-01 -4.474244277340230259e-03 0.000000000000000000e+00 1.134586192150741860e-03 4.472166088507917650e-03 9.999893561656797436e-01 3.232976498688604750e+01
9.999907299323422816e-01 -1.991929134203293799e-03 -3.817363973781661042e-03 -3.163866166696484572e-01 1.964851561295699687e-03 9.999729782400057498e-01 -7.083935922514546929e-03 0.000000000000000000e+00 3.831371520237313814e-03 7.076369700385101366e-03 9.999676222679105830e-01 3.371097105977939634e+01
9.999936307929275792e-01 5.136148188737100703e-04 -3.531936211025263513e-03 -3.444580940886421971e-01 -5.366673421678810549e-04 9.999785416308341057e-01 -6.529032549543947392e-03 0.000000000000000000e+00 3.528507013563731039e-03 6.530886439602499871e-03 9.999724482007339432e-01 3.510406172248536194e+01
9.999919300265245337e-01 -7.732571403781489513e-04 -3.942328655035746282e-03 -3.536840507577658221e-01 7.540724620803115679e-04 9.999878790799066053e-01 -4.865497712619800720e-03 0.000000000000000000e+00 3.946043151232802096e-03 4.862485646706855326e-03 9.999803922961617575e-01 3.650144786174423928e+01
9.999916772041470558e-01 3.851302492494793669e-04 -4.061674178142399630e-03 -3.928898940538779749e-01 -3.985292636003100967e-04 9.999944802032882940e-01 -3.298596274611077794e-03 0.000000000000000000e+00 4.060381369321028680e-03 3.300187517086679897e-03 9.999863109390492166e-01 3.789912980555265420e+01
9.999840335981292627e-01 4.001125256157773286e-03 -3.990431743707415109e-03 -4.018458092967850948e-01 -4.013679921216472060e-03 9.999870053680373072e-01 -3.143162190546075572e-03 0.000000000000000000e+00 3.977803703890548520e-03 3.159128321321879023e-03 9.999870984097464222e-01 3.929497781844699489e+01
9.999771695716429543e-01 5.539780208863848317e-03 -3.869259712712397672e-03 -4.349477829770586612e-01 -5.551613651598046734e-03 9.999799251958141344e-01 -3.054306998103441164e-03 0.000000000000000000e+00 3.852261848621259255e-03 3.075717902008810473e-03 9.999878499452070635e-01 4.069753997665225143e+01
9.999627310360276189e-01 7.562292008832205772e-03 -4.165126473929315828e-03 -4.427922055108548527e-01 -7.572809920975928123e-03 9.999681624593542706e-01 -2.515276836613995412e-03 0.000000000000000000e+00 4.145972608624206961e-03 2.546724805935888115e-03 9.999881624818827142e-01 4.210440748046221415e+01
9.999567516407914525e-01 8.074954438741701462e-03 -4.614104334623235319e-03 -4.380530545637082995e-01 -8.085465154307603167e-03 9.999647494779094758e-01 -2.263858392554491186e-03 0.000000000000000000e+00 4.595661131660559208e-03 2.301067664209390570e-03 9.999867924059638868e-01 4.351217580636567561e+01
9.999628888831701978e-01 6.347084712729114675e-03 -5.825407460104081898e-03 -4.595361953718763437e-01 -6.358538407818914440e-03 9.999778834842675268e-01 -1.949751687333569402e-03 0.000000000000000000e+00 5.812903383259791432e-03 1.986720406947082782e-03 9.999811313701283400e-01 4.492185021815141965e+01
9.999636208855049446e-01 5.239284013850456674e-03 -6.731033247119213095e-03 -4.773151871855427775e-01 -5.252868685887779679e-03 9.999841993106699523e-01 -2.002123764344492830e-03 0.000000000000000000e+00 6.720437197121466831e-03 2.037408162622196192e-03 9.999753420419218441e-01 4.633496451214114131e+01
9.999626831610105571e-01 5.130321780473978167e-03 -6.950689452324846328e-03 -4.968656572740008937e-01 -5.142608178533516865e-03 9.999852437973170138e-01 -1.750933677504073549e-03 0.000000000000000000e+00 6.941604033360374883e-03 1.786613010617819821e-03 9.999743107437282230e-01 4.775077421903666419e+01
9.999589931514848429e-01 3.933937343804238748e-03 -8.156969562624872064e-03 -5.203494061752115263e-01 -3.936157122178905905e-03 9.999922205105342687e-01 -2.560967013522730609e-04 0.000000000000000000e+00 8.155898637188747913e-03 2.881933134728166708e-04 9.999666985765245375e-01 4.917335565803619346e+01
9.999461974471135495e-01 4.294010389014129951e-03 -9.442652478887319720e-03 -5.513911727227156501e-01 -4.301050902989872818e-03 9.999904873132329231e-01 -7.254268909473310378e-04 0.000000000000000000e+00 9.439447663285544660e-03 7.660011900994808482e-04 9.999551540294138174e-01 5.059573288715469630e+01
9.999363264222542735e-01 3.535165599059573050e-03 -1.071660885510911619e-02 -6.072529217917708166e-01 -3.538249737537725592e-03 9.999937042358800765e-01 -2.688445629714924113e-04 0.000000000000000000e+00 1.071559097581673524e-02 3.067454831450818625e-04 9.999425393577611176e-01 5.202092449520026207e+01
9.999169197009060150e-01 4.610544011289612748e-03 -1.203729952155174233e-02 -6.376932578053161604e-01 -4.608300446301497565e-03 9.999893588043375914e-01 2.141146579279523297e-04 0.000000000000000000e+00 1.203815861534574851e-02 -1.586253764608438013e-04 9.999275261613421728e-01 5.344957897917844036e+01
9.999178384310098977e-01 2.518809291764728155e-03 -1.256869075154901268e-02 -6.902522286222309011e-01 -2.502207805234621819e-03 9.999959764726921163e-01 1.336411061921403140e-03 0.000000000000000000e+00 1.257200634567868895e-02 -1.304851784191654205e-03 9.999201178185512795e-01 5.487625950993226098e+01
9.999116476209405358e-01 1.517441736723487786e-03 -1.320584425741486330e-02 -7.387960933675113973e-01 -1.503337473793630837e-03 9.999982890598484442e-01 1.077893230117472293e-03 0.000000000000000000e+00 1.320745730318055589e-02 -1.057945155140978862e-03 9.999122180589820053e-01 5.630754251444458447e+01
9.998917745674056334e-01 -1.408360405610897294e-03 -1.464430515289561786e-02 -7.649618881382520552e-01 1.412383481577709045e-03 9.999989676372960101e-01 2.643808671866585140e-04 0.000000000000000000e+00 1.464391769111555476e-02 -2.850356291500904214e-04 9.998927314614032280e-01 5.773635253518275334e+01
9.998840382365568047e-01 -2.970306498159669580e-03 -1.493610923438662592e-02 -8.142940526996188533e-01 2.977314030826652431e-03 9.999954679067901697e-01 4.469530642939929148e-04 0.000000000000000000e+00 1.493471395495588570e-02 -4.913707224179914013e-04 9.998883502041098215e-01 5.916376351025827063e+01
9.998853683596189423e-01 -4.380659880881330841e-03 -1.449344539284703678e-02 -8.584988190144243747e-01 4.395416526175888530e-03 9.999898535512241615e-01 9.864624486944906494e-04 0.000000000000000000e+00 1.448897697937256458e-02 -1.050054098286860990e-03 9.998944778987840509e-01 6.059274949750038530e+01
9.998987125245121232e-01 -3.842974080161014848e-03 -1.370387689816567924e-02 -8.868081379955062848e-01 3.853895722707859246e-03 9.999922767589198846e-01 7.706557403548430513e-04 0.000000000000000000e+00 1.370080944978553129e-02 -8.233909951428790329e-04 9.999058004870708949e-01 6.201738562307534153e+01
9.999049245578545131e-01 -4.927205893470712819e-03 -1.287883872999595093e-02 -9.462086156571341000e-01 4.934534266757559587e-03 9.999876807592662509e-01 5.373092903358248551e-04 0.000000000000000000e+00 1.287603263897908051e-02 -6.008092764468066357e-04 9.999169199546997788e-01 6.344036891406001644e+01
9.999007794131579141e-01 -6.972717453343074689e-03 -1.223979331009129173e-02 -1.003813730209492938e+00 6.969973831284320860e-03 9.999756738455972682e-01 -2.667992395827582189e-04 0.000000000000000000e+00 1.224135587870347520e-02 1.814617285338321687e-04 9.999250553305942812e-01 6.485923692992952283e+01
9.999057256639141134e-01 -6.860068879350215455e-03 -1.189450459209265634e-02 -1.006654865817051325e+00 6.852116390285493269e-03 9.999762724799488023e-01 -7.092094754600324893e-04 0.000000000000000000e+00 1.189908759084770846e-02 6.276400853376421732e-04 9.999290063711667731e-01 6.627693084714380234e+01
9.999229956532664776e-01 -4.861777534687436973e-03 -1.141778800819961970e-02 -9.829406060200421846e-01 4.851356889285536947e-03 9.999877901175496797e-01 -9.401872960516222252e-04 0.000000000000000000e+00 1.142221957982426407e-02 8.847231330289537579e-04 9.999343729289678073e-01 6.769059647465444129e+01
9.999409356689147321e-01 -2.885246154722880940e-03 -1.047857472183960810e-02 -1.077581302119577478e+00 2.891179674094743798e-03 9.999956686483278956e-01 5.511485054721748612e-04 0.000000000000000000e+00 1.047693913634111830e-02 -5.814113945038046176e-04 9.999449463381090419e-01 6.910051142366511101e+01
9.999531277452888833e-01 -9.659817096245921402e-04 -9.633752734478577551e-03 -1.157755758218896425e+00 9.830238058346847576e-04 9.999979602403098466e-01 1.764420419442244009e-03 0.000000000000000000e+00 9.632028686084558033e-03 -1.773807925356555562e-03 9.999520376642244690e-01 7.051249513297265992e+01
9.999553012625802539e-01 2.335656605469780839e-03 -9.161887637509474533e-03 -1.190646733182439521e+00 -2.316610243066566203e-03 9.999951348308668830e-01 2.088930725952684812e-03 0.000000000000000000e+00 9.166722088224721343e-03 -2.067612830639904437e-03 9.999558471169315288e-01 7.192206236845883893e+01
9.999436683317577401e-01 5.901311116383949583e-03 -8.822397085509839712e-03 -1.222710623948979114e+00 -5.882512875520489772e-03 9.999803754407985412e-01 2.155174134109939018e-03 0.000000000000000000e+00 8.834942302931060587e-03 -2.103154865107255238e-03 9.999587594166658988e-01 7.332190534469255283e+01
9.999240695298726722e-01 8.747089088323238906e-03 -8.680069544560138628e-03 -1.285218060290298947e+00 -8.735612255314389660e-03 9.999609200092217653e-01 1.359239800395633602e-03 0.000000000000000000e+00 8.691619719148656678e-03 -1.283310870788485986e-03 9.999614036850955623e-01 7.472321654522218637e+01
9.998762995379184559e-01 1.377252268066749864e-02 -7.596264961713882283e-03 -1.283238406399442422e+00 -1.376887490192781754e-02 9.999050628652467188e-01 5.322972681925270408e-04 0.000000000000000000e+00 7.602874870282445852e-03 -4.276394007950821844e-04 9.999710062888070849e-01 7.612548416314190547e+01
9.998722473214564088e-01 1.385205233159424870e-02 -7.975567850735689607e-03 -1.285844958274728000e+00 -1.384459911238303600e-02 9.999036698749977914e-01 9.889620460214263841e-04 0.000000000000000000e+00 7.988498717302956742e-03 -8.784171638843424465e-04 9.999677056143011500e-01 7.752192601097185332e+01
9.998735541659596882e-01 1.407130045212433116e-02 -7.407711057843228454e-03 -1.334277885345908077e+00 -1.405650209046904048e-02 9.998991092527202973e-01 2.045987438090919857e-03 0.000000000000000000e+00 7.435753392301458486e-03 -1.941602225533027538e-03 9.999704694401163607e-01 7.891540040958453517e+01
9.998816708596433012e-01 1.353349905528081557e-02 -7.313595712598982418e-03 -1.368607741972989400e+00 -1.352674523734566543e-02 9.999080368244623873e-01 9.721404904409268292e-04 0.000000000000000000e+00 7.326079593521472519e-03 -8.730963119194292679e-04 9.999727827599207419e-01 8.030559525180612468e+01
9.998682510746516039e-01 1.402106050500602843e-02 -8.178652409181910374e-03 -1.357946711020443953e+00 -1.401220907155299213e-02 9.999011759528010357e-01 1.138562752146494040e-03 0.000000000000000000e+00 8.193808018886661673e-03 -1.023811760246747622e-03 9.999659060786169062e-01 8.169122328287461698e+01
9.998668871496234622e-01 1.448498664751717881e-02 -7.509536839324391054e-03 -1.412825608849594961e+00 -1.447972791348455836e-02 9.998948788257711051e-01 7.541734203974137301e-04 0.000000000000000000e+00 7.519671619918154477e-03 -6.453369800343473385e-04 9.999715186338612449e-01 8.307654671178011085e+01
9.998635981634799164e-01 1.463230016259566696e-02 -7.660343303543978161e-03 -1.471960239085511102e+00 -1.463042735143900777e-02 9.998929244255078119e-01 3.004651723964568417e-04 0.000000000000000000e+00 7.663919564474710837e-03 -1.883500922058475825e-04 9.999706139988073783e-01 8.446191632889134837e+01
9.998599940945345210e-01 1.474419736185156662e-02 -7.912070110255244385e-03 -1.506418993933131167e+00 -1.473781085966519196e-02 9.998910185132058315e-01 8.648859395784487059e-04 0.000000000000000000e+00 7.923959890079487062e-03 -7.481582576463089796e-04 9.999683250577899862e-01 8.584360785464137678e+01
9.998548453854155804e-01 1.451836327356867233e-02 -8.916573734365430132e-03 -1.533672895842189687e+00 -1.450299167465300167e-02 9.998932306861406660e-01 1.786186025371530551e-03 0.000000000000000000e+00 8.941554215496191199e-03 -1.656609757591826588e-03 9.999586512713024566e-01 8.722814371579502790e+01
9.998939435602213210e-01 1.061840680033059210e-02 -9.967500619949382426e-03 -1.596495595625653685e+00 -1.058841509942847967e-02 9.999392685249935964e-01 3.056914683640731250e-03 0.000000000000000000e+00 9.999354842599242343e-03 -2.951050444085162507e-03 9.999456506250768983e-01 8.860581761869467243e+01
9.999076859198025025e-01 7.661093385309365039e-03 -1.122173278258030427e-02 -1.633912324983360476e+00 -7.624213866757567973e-03 9.999654054785522828e-01 3.325538908019725227e-03 0.000000000000000000e+00 1.124682183623553801e-02 -3.239675023264579953e-03 9.999315044063408209e-01 8.998276831419551058e+01
9.999073943990173241e-01 6.437087278864001526e-03 -1.199026828425444127e-02 -1.652858334889840464e+00 -6.399953169222392935e-03 9.999746126946439384e-01 3.132820714391788049e-03 0.000000000000000000e+00 1.201013012401962524e-02 -3.055793442141468193e-03 9.999232065018012205e-01 9.135170544760923406e+01
9.999087765650264137e-01 4.560399625007063168e-03 -1.271382332301994669e-02 -1.679522485741758331e+00 -4.525484529731663673e-03 9.999859133309898507e-01 2.773649104951600355e-03 0.000000000000000000e+00 1.272629317593690010e-02 -2.715859872391137349e-03 9.999153291990051651e-01 9.271771688645486620e+01
9.999123959685657370e-01 3.188123156814816946e-03 -1.284664388609428089e-02 -1.766791281813868908e+00 -3.171753787127248609e-03 9.999941322536777255e-01 1.294386390386799944e-03 0.000000000000000000e+00 1.285069516847176310e-02 -1.253526605523480131e-03 9.999166406779803618e-01 9.407725418672734463e+01
9.999107852555993992e-01 2.151209768168832210e-03 -1.318308863887456168e-02 -1.768917612010186824e+00 -2.138766271662257638e-03 9.999972540263195597e-01 9.579241385339579314e-04 0.000000000000000000e+00 1.318511313422396011e-02 -9.296431322399470367e-04 9.999126404617983965e-01 9.543498968470775878e+01
9.999083575849944117e-01 1.028441225913536306e-03 -1.349884218448086856e-02 -1.790308345514039168e+00 -1.021208385546156427e-03 9.999993313081839696e-01 5.426938516639691823e-04 0.000000000000000000e+00 1.349939128664554878e-02 -5.288589870551631874e-04 9.999087392072654179e-01 9.678820173071991917e+01
9.999044140793381663e-01 1.826198669231184806e-03 -1.370502473817457496e-02 -1.812349511273707581e+00 -1.827192685425557076e-03 9.999983288815545990e-01 -6.000821691065677977e-05 0.000000000000000000e+00 1.370489224852899403e-02 8.504420192480983411e-05 9.999060799374814845e-01 9.813996229048159137e+01
9.999030558414034875e-01 4.109018834260849511e-03 -1.330394239466075462e-02 -1.842044851836505126e+00 -4.106105047276739466e-03 9.999915395770208049e-01 2.463244160972724367e-04 0.000000000000000000e+00 1.330484198934580448e-02 -1.916731513689805342e-04 9.999114683015907223e-01 9.948966764573491162e+01
9.999055970135173332e-01 3.846682413452263884e-03 -1.319090957627175494e-02 -1.896294897305411453e+00 -3.826828810893517265e-03 9.999915071922848009e-01 1.530008023592169470e-03 0.000000000000000000e+00 1.319668300336978607e-02 -1.479384233457456746e-03 9.999118256026378049e-01 1.008339294424268502e+02
9.999095709251812902e-01 5.586319869533884312e-03 -1.223286567134355268e-02 -1.954846047841612977e+00 -5.554815663362307199e-03 9.999811714228618031e-01 2.607838703734060952e-03 0.000000000000000000e+00 1.224720356505570353e-02 -2.539651565454240697e-03 9.999217750278086569e-01 1.021780802840470415e+02
9.999193096287020133e-01 4.433051066083017883e-03 -1.190471712824018626e-02 -2.002110365043269002e+00 -4.419342248877251855e-03 9.999895412758688096e-01 1.177604756219327456e-03 0.000000000000000000e+00 1.190981300210772545e-02 -1.124898715488962392e-03 9.999284429183600276e-01 1.035179972176382535e+02
9.999111598628421804e-01 4.676739642185465465e-03 -1.248200657198959319e-02 -2.013786612922306762e+00 -4.692110289192651801e-03 9.999882690702091015e-01 -1.202423801428000993e-03 0.000000000000000000e+00 1.247623672338783567e-02 1.260883929398327148e-03 9.999213737534267121e-01 1.048568366036090680e+02
9.999131500032357733e-01 3.783891684985463480e-03 -1.262436589777738566e-02 -2.057452653753391925e+00 -3.813837211866449341e-03 9.999899688155134969e-01 -2.348811202793371633e-03 0.000000000000000000e+00 1.261535161325400001e-02 2.396754484984723460e-03 9.999175508368750576e-01 1.061925723693101844e+02
9.999253522473253719e-01 7.762965934494089676e-04 -1.219374006035917925e-02 -2.083638657310483477e+00 -7.879927638898500840e-04 9.999992340751281406e-01 -9.544194874291395559e-04 0.000000000000000000e+00 1.219298980827321355e-02 9.639568210911103304e-04 9.999251980957297725e-01 1.075371852936338826e+02
9.999345236669647807e-01 -2.167377048627115201e-03 -1.123614060285515505e-02 -2.121741855882775862e+00 2.179721097813252205e-03 9.999970341923902772e-01 1.086472437023715829e-03 0.000000000000000000e+00 1.123375248319950087e-02 -1.110892951523128995e-03 9.999362823310284920e-01 1.088780400797415524e+02
9.999342787085092610e-01 -4.180864896725955057e-03 -1.067514086121827514e-02 -2.148127125694062389e+00 4.205659892449393512e-03 9.999885081688252297e-01 2.301294234374421082e-03 0.000000000000000000e+00 1.066539678401985138e-02 -2.346039002111957594e-03 9.999403709284077069e-01 1.102164192383516905e+02
9.999348763687567754e-01 -4.969730668777280411e-03 -1.027349981637389401e-02 -2.170720240225981978e+00 4.979204934440742761e-03 9.999872015230975020e-01 8.968323261881347387e-04 0.000000000000000000e+00 1.026891131610722756e-02 -9.479277821905421472e-04 9.999468240328098778e-01 1.115485908576448537e+02
9.999644982323051545e-01 -1.617380833811272491e-03 -8.269604237855218004e-03 -2.197647676220933821e+00 1.592505839494746857e-03 9.999941907412809305e-01 -3.013703508721342784e-03 0.000000000000000000e+00 8.274430503878150295e-03 3.000427123879928406e-03 9.999612648682508764e-01 1.128770744768964249e+02
9.999706820103526628e-01 2.660378896807547955e-04 -7.652734386445969421e-03 -2.224885778663316938e+00 -3.013615778233480241e-04 9.999893052225931056e-01 -4.615042971780692997e-03 0.000000000000000000e+00 7.651424765861816225e-03 4.617213908107527763e-03 9.999600677200967125e-01 1.142005708907659454e+02
9.999657096819739577e-01 3.794107756328649571e-03 -7.360992226458958586e-03 -2.237008163856916365e+00 -3.832647927344705156e-03 9.999789854899708841e-01 -5.228708091777524263e-03 0.000000000000000000e+00 7.340999256887071472e-03 5.256740889313672380e-03 9.999592373717710592e-01 1.155322034012161083e+02
9.999708370814056613e-01 5.470430524710109647e-03 -5.329106546677301638e-03 -2.264936682406276880e+00 -5.487849635064729475e-03 9.999796292025516786e-01 -3.259553083652239752e-03 0.000000000000000000e+00 5.311166829841194870e-03 3.288703360987943556e-03 9.999804877781915957e-01 1.168649551273345253e+02
9.999737954896292802e-01 5.917244366134882284e-03 -4.170677783689394867e-03 -2.290592009930681350e+00 -5.922352719606414906e-03 9.999817263606407547e-01 -1.213541532854361601e-03 0.000000000000000000e+00 4.163420748429000340e-03 1.238209957507047055e-03 9.999905663373899189e-01 1.181992240890545673e+02
9.999797553204445855e-01 5.572709168228175657e-03 -3.071459227802147279e-03 -2.334104508536205103e+00 -5.575894234241279661e-03 9.999839247381915319e-01 -1.029402101636411101e-03 0.000000000000000000e+00 3.065673294761081958e-03 1.046507393519343103e-03 9.999947532209987333e-01 1.195324912067455614e+02
9.999762835383103621e-01 6.563725206913623676e-03 -2.085634751024299013e-03 -2.359551228889458674e+00 -6.567106956969604760e-03 9.999771261015516499e-01 -1.618758750466657874e-03 0.000000000000000000e+00 2.074961956812197347e-03 1.632416945719509897e-03 9.999965148678239268e-01 1.208756091371928676e+02
9.999566650141215041e-01 9.036966097336411943e-03 -2.236367051582157772e-03 -2.363469194653064598e+00 -9.043015512051458260e-03 9.999554392865567243e-01 -2.709854548299003244e-03 0.000000000000000000e+00 2.211778533788876563e-03 2.729960618728099163e-03 9.999938276563203887e-01 1.222400130801405709e+02
9.999527947445838727e-01 9.660984237295559135e-03 -1.036178585288068674e-03 -2.408080758597423987e+00 -9.663995337001714606e-03 9.999489762877261656e-01 -2.941430816700217523e-03 0.000000000000000000e+00 1.007708598854589353e-03 2.951305590723377753e-03 9.999951371475217510e-01 1.235954198183696775e+02
9.999354533006500345e-01 1.135474801999467216e-02 3.986600349487153709e-04 -2.441790200701092317e+00 -1.135295279634608231e-02 9.999265271602227889e-01 -4.248616727216078352e-03 0.000000000000000000e+00 -4.468727166351497818e-04 4.243816524470606782e-03 9.999908951215917829e-01 1.249546534808127234e+02
9.999243612396637726e-01 1.221987141072706715e-02 1.395185347112323001e-03 -2.464943690073217564e+00 -1.221316728330265784e-02 9.999142922803994082e-01 -4.716634212231485788e-03 0.000000000000000000e+00 -1.452702432522944053e-03 4.699237819830842308e-03 9.999879033366131376e-01 1.263083058895624333e+02
9.999379350614953088e-01 1.093192455003646514e-02 2.149197660144179164e-03 -2.473913160336906003e+00 -1.092088756560733072e-02 9.999274523419354743e-01 -5.081758331480568276e-03 0.000000000000000000e+00 -2.204595139548693947e-03 5.057971786459194291e-03 9.999847782249878803e-01 1.276642750535479962e+02
9.999410943458745260e-01 1.005746332142219528e-02 4.081086853994614003e-03 -2.500162919499787417e+00 -1.004145452379012586e-02 9.999418824836020514e-01 -3.924391187361439895e-03 0.000000000000000000e+00 -4.120319091788499435e-03 3.883179970479151526e-03 9.999839718134982958e-01 1.290215063050452784e+02
9.999565945652486576e-01 8.115056652430866976e-03 4.577645791807923893e-03 -2.518578310204406812e+00 -8.102574817439327573e-03 9.999634232866503325e-01 -2.738680369433596409e-03 0.000000000000000000e+00 -4.599702902921090110e-03 2.701470778305332162e-03 9.999857722932058435e-01 1.303792308650962468e+02
9.999422564208328978e-01 9.433567782777811661e-03 5.147001350063746226e-03 -2.511391457363764790e+00 -9.421073291973024177e-03 9.999526281364244928e-01 -2.446397571874955705e-03 0.000000000000000000e+00 -5.169835784336127525e-03 2.397766031169929878e-03 9.999837616261690876e-01 1.317281745221284268e+02
9.999602861249324848e-01 6.939172702765664634e-03 5.592321087002175353e-03 -2.566500324427372526e+00 -6.926820305422468765e-03 9.999735335520184565e-01 -2.225164250587430975e-03 0.000000000000000000e+00 -5.607613877154140995e-03 2.186338877432189749e-03 9.999818871304210210e-01 1.330813539729422814e+02
9.999496694522004292e-01 7.645802180945633630e-03 6.496173599940317095e-03 -2.628371747789739032e+00 -7.634658695382203972e-03 9.999693443971531259e-01 -1.738462690944640341e-03 0.000000000000000000e+00 -6.509266397656600020e-03 1.688779124903314315e-03 9.999773884823756065e-01 1.344320968496712112e+02
9.999638300111733935e-01 6.173070033193557397e-03 5.850801290936335879e-03 -2.626951618158716695e+00 -6.161667548583279509e-03 9.999790862881884346e-01 -1.964901843817805794e-03 0.000000000000000000e+00 -5.862808405654802019e-03 1.928780080892239686e-03 9.999809534611140416e-01 1.357857609089021196e+02
9.999791321263081789e-01 5.243081789601140678e-03 3.774308580226220459e-03 -2.578225945366314331e+00 -5.235039223500856202e-03 9.999840123740109110e-01 -2.137606300790828671e-03 0.000000000000000000e+00 -3.785455882661603599e-03 2.117803040033226000e-03 9.999905925727724521e-01 1.371311694081049666e+02
9.999899337317559311e-01 3.380911087703494973e-03 2.949894128745614210e-03 -2.597765795259343147e+00 -3.377987935880864823e-03 9.999937992139482645e-01 -9.953547876877563271e-04 0.000000000000000000e+00 -2.953241043121445329e-03 9.853800614002172688e-04 9.999951536849946976e-01 1.384831295618152183e+02
9.999963090880777949e-01 1.240888570984434100e-03 2.417024156126428448e-03 -2.645513457511541766e+00 -1.239300301878807796e-03 9.999990152528038800e-01 -6.585045017072513416e-04 0.000000000000000000e+00 -2.417838906679102302e-03 6.555066524585824233e-04 9.999968621781022415e-01 1.398327531001120860e+02
9.999988590580353165e-01 2.410313435755572495e-04 1.491236572177441662e-03 -2.649160183102868160e+00 -2.410287011551268349e-04 9.999999709506749435e-01 -1.951678206016103176e-06 0.000000000000000000e+00 -1.491236999273985123e-03 1.592245164946791949e-06 9.999988881042205513e-01 1.411834581611282431e+02
9.999998861356088620e-01 1.127544816120119745e-04 4.636973054359204275e-04 -2.665234939238906975e+00 -1.123875224674610930e-04 9.999996805857291893e-01 -7.913264046780531854e-04 0.000000000000000000e+00 -4.637863829232822155e-04 7.912742007825931479e-04 9.999995793935768651e-01 1.425329363071011812e+02
9.999996891991698167e-01 7.513318425304955049e-04 -2.389602910688537279e-04 -2.664135141943435592e+00 -7.516215320391025044e-04 9.999989800015038899e-01 -1.214520901094503450e-03 0.000000000000000000e+00 2.380475391029933591e-04 1.214700131320218786e-03 9.999992339181869028e-01 1.438808850712743777e+02
9.999962601119778416e-01 -2.032167366782982546e-03 -1.830316323896529406e-03 -2.659380199395886990e+00 2.026529352100615595e-03 9.999932127405382065e-01 -3.076954929249251132e-03 0.000000000000000000e+00 1.836556788460725785e-03 3.073234232028093996e-03 9.999935911247223030e-01 1.452290651350651558e+02
9.999690925236806027e-01 -7.390436015244076194e-03 -2.682434130737592227e-03 -2.651584953552609480e+00 7.381766919499877823e-03 9.999675460433293805e-01 -3.227441281124989771e-03 0.000000000000000000e+00 2.706199273417362813e-03 3.207540425529749502e-03 9.999911940461833071e-01 1.465727157339861151e+02
9.998774259576832524e-01 -1.504483223197704451e-02 -4.334291561820293077e-03 -2.663883145455805401e+00 1.504000951561553293e-02 9.998862391971409247e-01 -1.143143894654074675e-03 0.000000000000000000e+00 4.350996897444141774e-03 1.077815988552482257e-03 9.999899535188809807e-01 1.479258522361019175e+02
9.997324884403333556e-01 -2.233048513445565209e-02 -6.025030336188851726e-03 -2.675337366216542279e+00 2.233610465728964184e-02 9.997501421406356226e-01 8.670170201958411847e-04 0.000000000000000000e+00 6.004164024325268564e-03 -1.001360791273211417e-03 9.999814734738516897e-01 1.492752623001366601e+02
9.996821427424270601e-01 -2.406904254515364328e-02 -7.502977599761923369e-03 -2.672014649477421511e+00 2.404711822743226673e-02 9.997063287090945938e-01 -2.998740391432599614e-03 0.000000000000000000e+00 7.572951000707473651e-03 2.817362230636120783e-03 9.999673559087831620e-01 1.506206875110119938e+02
9.996908917148420448e-01 -2.383530574813641500e-02 -7.071012817905336124e-03 -2.718312988275831898e+00 2.379386881612740104e-02 9.996995495256709718e-01 -5.887485450213824148e-03 0.000000000000000000e+00 7.209218344543439662e-03 5.717418828295759391e-03 9.999576682504132119e-01 1.519637926503215510e+02
9.997955477999936891e-01 -1.935565418438196447e-02 -5.849893195566449426e-03 -2.724523083750438168e+00 1.930785986112907096e-02 9.997806196781056087e-01 -8.119055588027135686e-03 0.000000000000000000e+00 6.005759476379481272e-03 8.004446711227328898e-03 9.999499285894070111e-01 1.533099593440221042e+02
9.998328806321341578e-01 -1.807604034928487688e-02 -2.732685882723297557e-03 -2.817325122190207143e+00 1.805189781059050522e-02 9.997999326967120792e-01 -8.615309923667144321e-03 0.000000000000000000e+00 2.887869851429529251e-03 8.564539972215051006e-03 9.999591535971790179e-01 1.546541106386951014e+02
9.997870576901147777e-01 -2.053431388738415075e-02 -2.044805250237303768e-03 -2.828235438201896823e+00 2.052331997531421648e-02 9.997755392902437643e-01 -5.259693345452733440e-03 0.000000000000000000e+00 2.152350465906129572e-03 5.216607141764315406e-03 9.999840770719308214e-01 1.560029913652273308e+02
9.996651932352337289e-01 -2.580779731883825825e-02 -1.859847172917100102e-03 -2.832989169017367193e+00 2.580301257788508024e-02 9.996637886324089006e-01 -2.552300726591675683e-03 0.000000000000000000e+00 1.925091131003896401e-03 2.503456539046650456e-03 9.999950133523142215e-01 1.573532350147289662e+02
9.995489362235786546e-01 -2.996538152089723087e-02 -2.000001153106810165e-03 -2.852571191119516403e+00 2.996250844060923194e-02 9.995499695382191740e-01 -1.451373172799009419e-03 0.000000000000000000e+00 2.042592042516126662e-03 1.390793459503181142e-03 9.999969467509894905e-01 1.587023326283332096e+02
9.994208494329103187e-01 -3.387991615846389082e-02 -3.180723170662902097e-03 -2.830685809009384268e+00 3.388150830815254283e-02 9.994257564656249260e-01 4.480043230917840689e-04 0.000000000000000000e+00 3.163718312042218712e-03 -5.555125596670323126e-04 9.999948411328124509e-01 1.600490665229066565e+02
9.994832692060241497e-01 -3.204919944404349685e-02 -2.458331187403637978e-03 -2.850464846970430344e+00 3.205150655233950791e-02 9.994858088534734897e-01 9.048912854013194465e-04 0.000000000000000000e+00 2.428066093990521087e-03 -9.832169183701241696e-04 9.999965688838815536e-01 1.613995738792170869e+02
9.995977703117974178e-01 -2.833017522280453088e-02 -1.303364692101374039e-03 -2.878195342421052239e+00 2.833028081114688859e-02 9.995986150791746905e-01 6.261751437180866945e-05 0.000000000000000000e+00 1.301067576013137080e-03 -9.951701547537344049e-05 9.999991486594013157e-01 1.627492998297375948e+02
9.996912852020096718e-01 -2.483966118753795985e-02 -5.705464355357147072e-04 -2.895337948753105461e+00 2.483834309013469716e-02 9.996890345560137670e-01 -2.211538151896909853e-03 0.000000000000000000e+00 6.253028737068776774e-04 2.196683989227987775e-03 9.999973917844828808e-01 1.641001714218261611e+02
9.997195978543481631e-01 -2.366645724901550799e-02 7.902323795763919979e-04 -2.958425621452108967e+00 2.366834593421467473e-02 9.997168068489161730e-01 -2.472954617551780844e-03 0.000000000000000000e+00 -7.314825164433082444e-04 2.490964689098736865e-03 9.999966300084451865e-01 1.654501245672857124e+02
9.997744731546300834e-01 -2.119513240474441701e-02 1.330109288716984457e-03 -2.959972308619139625e+00 2.119764212341435083e-02 9.997734955217014718e-01 -1.902004395591864279e-03 0.000000000000000000e+00 -1.289494778007114649e-03 1.929770623227482999e-03 9.999973065906532232e-01 1.668086806083519491e+02
9.998044125712934882e-01 -1.974094125254721027e-02 1.196595766078096743e-03 -3.010446377562761011e+00 1.974402481322778263e-02 9.998016286591560053e-01 -2.622368141268754862e-03 0.000000000000000000e+00 -1.144590380351824923e-03 2.645480855523288030e-03 9.999958456633238901e-01 1.681690411676398185e+02
9.997875631446668798e-01 -2.055202166321863297e-02 1.563005692950391202e-03 -3.110559082118803165e+00 2.055813625701040370e-02 9.997806488187203078e-01 -4.002159573469395160e-03 0.000000000000000000e+00 -1.480410375551228066e-03 4.033441851280769423e-03 9.999907698233789777e-01 1.695257927780234581e+02
9.998642211189170403e-01 -1.643924419690153543e-02 1.136035426550573591e-03 -3.120797706614093947e+00 1.644663762699727014e-02 9.998413623714886844e-01 -6.837996920521666536e-03 0.000000000000000000e+00 -1.023443707389796878e-03 6.855752427942655818e-03 9.999759753222207115e-01 1.708856404049460025e+02
9.999472068542193393e-01 -1.027470242674268473e-02 -1.182982720023194019e-04 -3.125176685405434807e+00 1.027336234898750325e-02 9.999126003546928709e-01 -8.321639138770538929e-03 0.000000000000000000e+00 2.037902986296050926e-04 8.319984492248615887e-03 9.999653675640796102e-01 1.722503422182988118e+02
9.999823807448227075e-01 -5.907966931881357409e-03 -5.780368865085368062e-04 -3.134557264211843997e+00 5.903897172707257314e-03 9.999594118970664969e-01 -6.805773772325072156e-03 0.000000000000000000e+00 6.182217114813346381e-04 6.802241189320133892e-03 9.999766733862943680e-01 1.736194911816810418e+02
9.999897446765388942e-01 -4.528577982463141000e-03 5.023147705904631321e-05 -3.210221692435079710e+00 4.528775525258892445e-03 9.999766920588295527e-01 -5.109357231153703084e-03 0.000000000000000000e+00 -2.709218360456856474e-05 5.109532320126257063e-03 9.999869458875375594e-01 1.749939872943413093e+02
9.999746054527675065e-01 -7.106475140945691001e-03 -5.352201856364404526e-04 -3.236247712230012841e+00 7.105631179112765691e-03 9.999735338228403769e-01 -1.562581005891978047e-03 0.000000000000000000e+00 5.463104634788682867e-04 1.558738247615811803e-03 9.999986359390473645e-01 1.763735502263847366e+02
9.999557222187355210e-01 -9.180981916617344044e-03 -2.064745274302566980e-03 -3.183029989880742594e+00 9.179980372486934437e-03 9.999577410571742764e-01 -4.940244798177964147e-04 0.000000000000000000e+00 2.069193650166220762e-03 4.750482844174430436e-04 9.999977463808447098e-01 1.777492540248059925e+02
9.999075846554951186e-01 -1.284114869041090914e-02 -4.463972302640890726e-03 -3.155174692026668559e+00 1.284039744001361227e-02 9.999175393097168296e-01 -1.969121025155566595e-04 0.000000000000000000e+00 4.466132777991332209e-03 1.395747262884394400e-04 9.999900170386242237e-01 1.791246346560528480e+02
9.999047499033688613e-01 -1.220121301824514740e-02 -6.451474370942498517e-03 -3.165907724805931522e+00 1.217312273114938385e-02 9.999163312078768184e-01 -4.375576161470615469e-03 0.000000000000000000e+00 6.504321920698758960e-03 4.296624798103877881e-03 9.999696159442541532e-01 1.805060341995439614e+02
9.999174710508689223e-01 -1.097674483405561112e-02 -6.675489500925911590e-03 -3.228991066021543510e+00 1.093133097207140553e-02 9.999171164315403537e-01 -6.801931373135661901e-03 0.000000000000000000e+00 6.749599277597171168e-03 6.728398031751963056e-03 9.999545847534883070e-01 1.818841584884290796e+02
9.999594184278068898e-01 -4.781680568842107924e-03 -7.635249076105491035e-03 -3.244262940322472755e+00 4.722614208709350996e-03 9.999589294891142455e-01 -7.735389454482297783e-03 0.000000000000000000e+00 7.671923653972772400e-03 7.699017204442660557e-03 9.999409316162312100e-01 1.832727282279297469e+02
9.999697146441999251e-01 -7.579287169096147331e-04 -7.745665785011811300e-03 -3.284677705994909047e+00 7.056801221537726447e-04 9.999769962500825171e-01 -6.746034851550610986e-03 0.000000000000000000e+00 7.750600619193115035e-03 6.740364583107367503e-03 9.999472464461969246e-01 1.846664981953418874e+02
9.999573979217206698e-01 2.225070363486912877e-03 -8.958314768668814571e-03 -3.301902555982542342e+00 -2.256264148775837149e-03 9.999914219810246419e-01 -3.473504922941594332e-03 0.000000000000000000e+00 8.950509131213965630e-03 3.493569268858788286e-03 9.999538406146847302e-01 1.860620902327238753e+02
9.999528497811395189e-01 1.014295101728619796e-03 -9.657609436072345926e-03 -3.295162594550978152e+00 -1.018903973566043578e-03 9.999993693746453971e-01 -4.723187420380036338e-04 0.000000000000000000e+00 9.657124275153144630e-03 4.821366487353549116e-04 9.999532526548371436e-01 1.874617433937236513e+02
9.999525283540485754e-01 2.875572827921078442e-04 -9.739525098807304965e-03 -3.324807113395719327e+00 -2.834747486856717034e-04 9.999998713900047909e-01 4.205496764089971065e-04 0.000000000000000000e+00 9.739644778329937386e-03 -4.177688027941005126e-04 9.999524812653957095e-01 1.888632396650766907e+02
9.999558125642356021e-01 -1.834409924135538663e-03 -9.219970673775060993e-03 -3.385022556802483873e+00 1.844456846390033324e-03 9.999977143750996555e-01 1.081306389557222178e-03 0.000000000000000000e+00 9.217966041209115294e-03 -1.098264447433550768e-03 9.999569105302831273e-01 1.902667271570618936e+02
9.999373477413269207e-01 -4.911328333502893231e-03 -1.005879943320601121e-02 -3.367523882423147707e+00 4.930645287806820036e-03 9.999860459040508243e-01 1.896505791321319388e-03 0.000000000000000000e+00 1.004934470912660291e-02 -1.945983342976389564e-03 9.999476105375462165e-01 1.916749160703347457e+02
9.999081846036423915e-01 -8.574307016811789570e-03 -1.049302729557052664e-02 -3.408155826932523613e+00 8.610837662761300360e-03 9.999570048559867086e-01 3.441208243960942881e-03 0.000000000000000000e+00 1.046307017035889332e-02 -3.531246042695318239e-03 9.999390253730465750e-01 1.930831648657583344e+02
9.998677366109175457e-01 -1.327682799678758276e-02 -9.393355252513146611e-03 -3.481355974997236480e+00 1.332024730655934769e-02 9.999008153789763487e-01 4.574977173641916854e-03 0.000000000000000000e+00 9.331682391109241345e-03 -4.699493886657925799e-03 9.999454157407609012e-01 1.945000612913083273e+02
9.998114465682137464e-01 -1.707526065745159846e-02 -9.246987869095257481e-03 -3.507864550799667303e+00 1.712971230730902378e-02 9.998362100758335647e-01 5.841744384299848297e-03 0.000000000000000000e+00 9.145723997597899821e-03 -5.999041145255467472e-03 9.999401818298432332e-01 1.959196399570336951e+02
9.997664367974662403e-01 -1.978330958658051572e-02 -8.700144544512795897e-03 -3.538354864347923900e+00 1.983667897516273870e-02 9.997846773211743754e-01 6.091400579550470401e-03 0.000000000000000000e+00 8.577763142602794558e-03 -6.262559826890347868e-03 9.999435995714394121e-01 1.973415811562201441e+02
9.998168121707156075e-01 -1.737982138041272925e-02 -8.017724712708999835e-03 -3.580817559873997080e+00 1.739364240808410206e-02 9.998473456172304319e-01 1.657306835571473224e-03 0.000000000000000000e+00 7.987697075117644943e-03 -1.796460673709303129e-03 9.999664841505874202e-01 1.987615795915579611e+02
9.999304933320010136e-01 -1.006167167487594279e-02 -6.145833379123635115e-03 -3.646965185896237749e+00 1.004260912027381963e-02 9.999446895041748107e-01 -3.124729499608234259e-03 0.000000000000000000e+00 6.176933452330702311e-03 3.062792107727181287e-03 9.999762321163606638e-01 2.001841726830959942e+02
9.999826379657661413e-01 -4.915406413449325109e-04 -5.872150783222157729e-03 -3.649078654256315613e+00 4.717047550266506659e-04 9.999941803598508816e-01 -3.378866828137987773e-03 0.000000000000000000e+00 5.873777459786064421e-03 3.376038242689489207e-03 9.999770502887254109e-01 2.016180408465787934e+02
9.999665586901793635e-01 6.565690365420161038e-03 -4.875778024160558853e-03 -3.693158060655695518e+00 -6.563530583442172758e-03 9.999783545359742787e-01 4.588308991219384385e-04 0.000000000000000000e+00 4.878685027297069779e-03 -4.268132370362915360e-04 9.999880080595308085e-01 2.030555288069251958e+02
9.999649969316748432e-01 7.323768381855891123e-03 -4.045655462204251866e-03 -3.725978269182447455e+00 -7.314347190787454968e-03 9.999705151419268079e-01 2.338626082065010936e-03 0.000000000000000000e+00 4.062663732384517827e-03 -2.308952894311846332e-03 9.999890816903614921e-01 2.044930709381919769e+02
9.999743388720040427e-01 4.888096532761542108e-03 -5.237185291679931180e-03 -3.737064578702689044e+00 -4.874760825314847397e-03 9.999848514237504871e-01 2.556096614880562154e-03 0.000000000000000000e+00 5.249600402780388135e-03 -2.530500996863605748e-03 9.999830189859822971e-01 2.059311292107771010e+02
9.999826726492651030e-01 1.683994198733007337e-03 -5.640794692722490671e-03 -3.792032725678066374e+00 -1.665058531981072768e-03 9.999929691989368763e-01 3.359930470734222990e-03 0.000000000000000000e+00 5.646413136838032525e-03 -3.350479998710621538e-03 9.999784459189455799e-01 2.073782007914807650e+02
9.999769934910516245e-01 -5.614236625481629477e-04 -6.759977223538840563e-03 -3.809871381899397669e+00 5.802144426167651914e-04 9.999959728300480410e-01 2.778070351019704294e-03 0.000000000000000000e+00 6.758390325530418130e-03 -2.781928673736557781e-03 9.999732921598784019e-01 2.088278621253643337e+02
9.999725096340310593e-01 4.844465797816938763e-04 -7.399005860476798487e-03 -3.825077836626601169e+00 -4.679692042946712862e-04 9.999974073027018129e-01 2.228540483577374966e-03 0.000000000000000000e+00 7.400066285909493412e-03 -2.225016713299162591e-03 9.999701437140975369e-01 2.102832721943346996e+02
9.999716290854390177e-01 1.083696136904637895e-03 -7.454302575788913400e-03 -3.857440466399963075e+00 -1.062661503622565210e-03 9.999954445064852537e-01 2.825193231112149532e-03 0.000000000000000000e+00 7.457330268752468058e-03 -2.817191677413106218e-03 9.999682253233442841e-01 2.117450315947091042e+02
9.999674265108310367e-01 2.253768744714148165e-03 -7.750254431093462834e-03 -3.883222377442511863e+00 -2.223092020578296742e-03 9.999896702610298060e-01 3.964496574878885460e-03 0.000000000000000000e+00 7.759109431457245076e-03 -3.947137908609803583e-03 9.999621074436593204e-01 2.132055827414810949e+02
9.999725143090641977e-01 1.156413304560245962e-03 -7.323478317883234945e-03 -3.922118329629372013e+00 -1.128029095238783884e-03 9.999918414770072594e-01 3.878727854822247925e-03 0.000000000000000000e+00 7.327903981613471257e-03 -3.870360148686598396e-03 9.999656604781781422e-01 2.146744223865882759e+02
9.999700778327145212e-01 1.116501990333696771e-03 -7.654858753462364176e-03 -3.962382775289663872e+00 -1.097171040113646212e-03 9.999962000481393831e-01 2.529052189588654187e-03 0.000000000000000000e+00 7.657653357171346695e-03 -2.520577825525822154e-03 9.999675029882172383e-01 2.161464178478274221e+02
9.999814808932403487e-01 1.766913777749044097e-04 -6.083309191074257397e-03 -4.061514116494632454e+00 -1.626850875475322443e-04 9.999973352482295352e-01 2.302830864185073396e-03 0.000000000000000000e+00 6.083699870924010565e-03 -2.301798554126523611e-03 9.999788449358817388e-01 2.176184333556595334e+02
9.999832146149427725e-01 3.655018316952788590e-05 -5.793889233023328048e-03 -4.118363929499818887e+00 -1.928358836145632792e-05 9.999955591072134942e-01 2.980166770700692740e-03 0.000000000000000000e+00 5.793972428624240799e-03 -2.980005020479343462e-03 9.999787745015280560e-01 2.190980633008938980e+02
9.999802582669321538e-01 9.281579826997689818e-04 -6.214627837136008429e-03 -4.153189836900691212e+00 -9.140390852350941103e-04 9.999969959588566049e-01 2.274336342632673601e-03 0.000000000000000000e+00 6.216720111570508273e-03 -2.268611030548811115e-03 9.999781026577782006e-01 2.205753149461023099e+02
9.999769311002778549e-01 1.878684268619245810e-03 -6.527466023220652828e-03 -4.168161818049856748e+00 -1.865501091544581906e-03 9.999962093316084877e-01 2.025148902579821698e-03 0.000000000000000000e+00 6.531245895146866112e-03 -2.012925189631983337e-03 9.999766452068977740e-01 2.220617227100515834e+02
9.999770915465044929e-01 1.737352750156089757e-03 -6.542017090350293017e-03 -4.191609623477977387e+00 -1.719025197562293024e-03 9.999945853751288638e-01 2.806095646999360108e-03 0.000000000000000000e+00 6.546856845771812164e-03 -2.794785471466975420e-03 9.999746635988399079e-01 2.235459179106241265e+02
9.999656984318409103e-01 -1.150752034162638975e-03 -8.202300254834687249e-03 -4.195123126961874505e+00 1.174860032763737913e-03 9.999950028349156028e-01 2.934963217444381579e-03 0.000000000000000000e+00 8.198881851694064110e-03 -2.944499098350074773e-03 9.999620534107509506e-01 2.250356932123507079e+02
9.999564551969474246e-01 -7.439450600339306871e-05 -9.331783077580160790e-03 -4.203367150305171052e+00 1.016111932974703017e-04 9.999957429568141487e-01 2.916117864926536830e-03 0.000000000000000000e+00 9.331526408629095548e-03 -2.916939096762908787e-03 9.999522058984592343e-01 2.265261080364420536e+02
9.999592025999459732e-01 -2.745617188034962710e-03 -8.605505326887488704e-03 -4.258393057638867774e+00 2.781173277659027780e-03 9.999876347762484130e-01 4.122544092108062184e-03 0.000000000000000000e+00 8.594079989971397521e-03 -4.146309304483746308e-03 9.999544739178283237e-01 2.280165162697351775e+02
9.999566393110691509e-01 -4.704158976997256485e-03 -8.036814420227455028e-03 -4.335212755044675070e+00 4.739347620190656300e-03 9.999792424131507262e-01 4.365011677334430101e-03 0.000000000000000000e+00 8.016113886487982038e-03 -4.402911664717704295e-03 9.999581772689472015e-01 2.295056796031628608e+02
9.999612049828324745e-01 -3.623208775913538873e-03 -8.028753791309319737e-03 -4.391942213969391773e+00 3.643225244462182204e-03 9.999902885145003362e-01 2.479876305605184170e-03 0.000000000000000000e+00 8.019690710590136537e-03 -2.509030657255772578e-03 9.999646940397801664e-01 2.309990961028821914e+02
9.999464446679882101e-01 -5.970540579118599304e-03 -8.453427768439675943e-03 -4.414359824406276722e+00 5.998005426394062249e-03 9.999768038231346967e-01 3.227343576420241972e-03 0.000000000000000000e+00 8.433962695448743441e-03 -3.277874440590577976e-03 9.999590610682055347e-01 2.324958545666045779e+02
9.999377660614151564e-01 -5.735720824395860312e-03 -9.568986922578520335e-03 -4.397693865394606050e+00 5.766082230721769446e-03 9.999784199211370073e-01 3.148330942301142896e-03 0.000000000000000000e+00 9.550722475738709916e-03 -3.203310574727267525e-03 9.999492599635029233e-01 2.339917358392216613e+02
9.999441741472736567e-01 -5.412628493928910850e-03 -9.074802571251271849e-03 -4.448326035117407429e+00 5.439501477937085105e-03 9.999808862435515255e-01 2.939212687177119535e-03 0.000000000000000000e+00 9.058720251345242502e-03 -2.988411005121171561e-03 9.999545034585702874e-01 2.354924403354878848e+02
9.999536905770478601e-01 -3.977637063747036308e-03 -8.763281618441866663e-03 -4.509071711637226088e+00 3.990653603834997884e-03 9.999909592531452951e-01 1.468365000806764933e-03 0.000000000000000000e+00 8.757361768781382269e-03 -1.503268223043389843e-03 9.999605236205596492e-01 2.369971973976130073e+02
9.999535992153369968e-01 -2.985090367793157180e-03 -9.159074832249793074e-03 -4.519293877316169272e+00 3.005639345887566038e-03 9.999929952066594074e-01 2.230620927797300791e-03 0.000000000000000000e+00 9.152352069778187452e-03 -2.258046300924126861e-03 9.999555668520961893e-01 2.385028294928970354e+02
9.999548296780614853e-01 -4.047700258251810991e-03 -8.599693374322328610e-03 -4.551580423655930296e+00 4.086278222525553151e-03 9.999816464836822627e-01 4.473144985266374642e-03 0.000000000000000000e+00 8.581429589598097568e-03 -4.508083671623611295e-03 9.999530170202056700e-01 2.400132256033804197e+02
9.999645888346889722e-01 -4.769125083928417962e-03 -6.933723573906215229e-03 -4.614373653859058066e+00 4.802578949860146322e-03 9.999768695189346079e-01 4.816187551273636534e-03 0.000000000000000000e+00 6.910594192685201934e-03 -4.849316759340717257e-03 9.999643632724493081e-01 2.415231128389793014e+02
9.999594392021035061e-01 -5.145827342261631750e-03 -7.391915284437913965e-03 -4.634655039649986819e+00 5.174469837947959401e-03 9.999791587226251055e-01 3.860956134675298281e-03 0.000000000000000000e+00 7.371893413836578743e-03 -3.899048773898272299e-03 9.999652256984526977e-01 2.430394156325718882e+02
9.999584959786396166e-01 -4.936409676506933047e-03 -7.657557027937167936e-03 -4.636633208143949858e+00 4.958336306392406058e-03 9.999836544404873129e-01 2.847060397562144012e-03 0.000000000000000000e+00 7.643377604387460895e-03 -2.884910976136933949e-03 9.999666274768673757e-01 2.445544232016307262e+02
9.999643798817009488e-01 -4.399034675367843698e-03 -7.203295198989139586e-03 -4.659094155650087998e+00 4.424125691560110499e-03 9.999841893455033714e-01 3.471047517381321921e-03 0.000000000000000000e+00 7.187912051789250266e-03 -3.502792161612324449e-03 9.999680316727188600e-01 2.460756000416446625e+02
9.999649480691120695e-01 -4.798327622480999706e-03 -6.861390905586792384e-03 -4.702535997012814661e+00 4.831741654264965630e-03 9.999765092489533158e-01 4.861607023497893296e-03 0.000000000000000000e+00 6.837902143091234911e-03 -4.894589083029664278e-03 9.999646424209173157e-01 2.475998339118127660e+02
9.999634509374092373e-01 -4.495143339137083922e-03 -7.272583839478495397e-03 -4.729056726700243019e+00 4.531985149129682221e-03 9.999769420220642191e-01 5.057324865538915040e-03 0.000000000000000000e+00 7.249682748218148377e-03 -5.090099267012616717e-03 9.999607657250886295e-01 2.491203329702819360e+02
9.999577111253229456e-01 -4.065201173003746803e-03 -8.249248476185497975e-03 -4.733775620721671906e+00 4.105391310909489895e-03 9.999797584785724558e-01 4.860904782725949252e-03 0.000000000000000000e+00 8.229320943021662532e-03 -4.894565613548864519e-03 9.999541597014709460e-01 2.506487999044712183e+02
9.999537959130516684e-01 -1.722101561349615199e-03 -9.457293761094425627e-03 -4.728011921168574716e+00 1.768004213433784421e-03 9.999866880400911651e-01 4.847463635608293200e-03 0.000000000000000000e+00 9.448820041284161989e-03 -4.863960198194711149e-03 9.999435292510380213e-01 2.521766840659661568e+02
9.999452826946527706e-01 6.721999777010406340e-06 -1.046095461788475005e-02 -4.728040622994605258e+00 4.214780873829915682e-05 9.999890880072007660e-01 4.671412000401751335e-03 0.000000000000000000e+00 1.046087186925430922e-02 -4.671597299639774353e-03 9.999343710156225473e-01 2.537097820740171414e+02
9.999503608638492524e-01 1.164817032540778081e-03 -9.895403454624324829e-03 -4.757816131342170962e+00 -1.111773773054276120e-03 9.999849945216739977e-01 5.364204559296688844e-03 0.000000000000000000e+00 9.901503286199524884e-03 -5.352936834781976162e-03 9.999366511434211180e-01 2.552411644814755789e+02
9.999333454505050511e-01 -7.365750137250056707e-04 -1.152224428665066941e-02 -4.794282864008747147e+00 7.881806204089476103e-04 9.999896770514385969e-01 4.474881211587321446e-03 0.000000000000000000e+00 1.151882925742633845e-02 -4.483664550046846664e-03 9.999236037441783242e-01 2.567754669455043768e+02
9.999278362682026966e-01 -1.405281875197764716e-03 -1.193094459097681498e-02 -4.816974713964302879e+00 1.459789088629772540e-03 9.999885327199826701e-01 4.561079295701611636e-03 0.000000000000000000e+00 1.192439817342932223e-02 -4.578166813929939773e-03 9.999184212308666053e-01 2.583137366587959036e+02
9.999125102615351590e-01 -2.714413200582801826e-03 -1.294618798887769810e-02 -4.822617684291439666e+00 2.778029507173197105e-03 9.999841437276809630e-01 4.898453354163335473e-03 0.000000000000000000e+00 1.293268628414905377e-02 -4.933989681999375980e-03 9.999041960964546449e-01 2.598530607093948674e+02
9.998914718712077487e-01 -4.275334987955022904e-03 -1.409843927397501188e-02 -4.848212889992109531e+00 4.327524271778609294e-03 9.999838893864086975e-01 3.673350146267090593e-03 0.000000000000000000e+00 1.408250733706488400e-02 -3.733962822602010338e-03 9.998938646220131288e-01 2.613879571742398866e+02
9.998800600533691574e-01 -5.194120499345867593e-03 -1.459063466406449253e-02 -4.888129539537478863e+00 5.230413002687743854e-03 9.999833192022843376e-01 2.450325895285366401e-03 0.000000000000000000e+00 1.457766399267697126e-02 -2.526347048593003287e-03 9.998905486517565278e-01 2.629255413102803800e+02
9.998780710121436544e-01 -6.977243479301979343e-03 -1.397001010934650900e-02 -4.938164019989774722e+00 7.030857135370694420e-03 9.999680920957861874e-01 3.792339415883666087e-03 0.000000000000000000e+00 1.394310428014153107e-02 -3.890098165036093986e-03 9.998952230005420105e-01 2.644632090955974490e+02
9.998812411881936590e-01 -7.727602442395656648e-03 -1.333370467798770422e-02 -4.989866210854555284e+00 7.798518666920315791e-03 9.999556788323329393e-01 5.274796447268776702e-03 0.000000000000000000e+00 1.329235218271821242e-02 -5.378153163541178096e-03 9.998971891359652586e-01 2.660085846126781348e+02
9.998727338751971505e-01 -8.901314182264056726e-03 -1.323943574167141604e-02 -5.012617061311588351e+00 8.964618050573405425e-03 9.999486308646688970e-01 4.729826114312320369e-03 0.000000000000000000e+00 1.319665397503434583e-02 -4.847910652301468462e-03 9.999011681592208101e-01 2.675498463910666374e+02
9.998770530780742849e-01 -9.303973895457154711e-03 -1.262199657933076383e-02 -5.067463765462871805e+00 9.354004157339146017e-03 9.999486039506454427e-01 3.910506791969467662e-03 0.000000000000000000e+00 1.258496460546115400e-02 -4.028092215673694659e-03 9.999126927582154822e-01 2.690889012693376117e+02
9.998898862332602500e-01 -7.304406709827872962e-03 -1.291747076813328128e-02 -5.049071787553674362e+00 7.353819917569131073e-03 9.999658085174124578e-01 3.781947742620827592e-03 0.000000000000000000e+00 1.288940421618900954e-02 -3.876524051929083545e-03 9.999094138071861204e-01 2.706287475108121043e+02
9.998918528853860677e-01 -7.500615708997558986e-03 -1.265003151798887136e-02 -5.093832194201599606e+00 7.547341592212269620e-03 9.999648567650080144e-01 3.650050659597681331e-03 0.000000000000000000e+00 1.262220932764256121e-02 -3.745130026169669023e-03 9.999133231599529603e-01 2.721700309531283892e+02
9.999237279853957494e-01 -4.451171126597301513e-03 -1.152064613556590296e-02 -5.112671113762798925e+00 4.489847905441738882e-03 9.999843644424277755e-01 3.333487130570902176e-03 0.000000000000000000e+00 1.150562808217351490e-02 -3.384958827713397365e-03 9.999280787017503780e-01 2.737169324156683956e+02
9.999351312299465944e-01 -3.588001741562576487e-03 -1.081016075932060387e-02 -5.135852099497958179e+00 3.623631186594004992e-03 9.999880614764421471e-01 3.278139960474501808e-03 0.000000000000000000e+00 1.079826973007444978e-02 -3.317099347227279917e-03 9.999361950758465234e-01 2.752595143769119659e+02
9.999332431401484200e-01 -4.815356028481044583e-03 -1.050340942425112556e-02 -5.174589434166361634e+00 4.846334318456816358e-03 9.999839759481022883e-01 2.925899979294033920e-03 0.000000000000000000e+00 1.048915186696938208e-02 -2.976607688953232175e-03 9.999405569831548712e-01 2.768062105426112112e+02
9.999531656475931785e-01 -1.994957509688401621e-03 -9.470303895859021742e-03 -5.176773575005395145e+00 2.015080934858902353e-03 9.999957313441342199e-01 2.115831355860701892e-03 0.000000000000000000e+00 9.466042476738229655e-03 -2.134815691097751485e-03 9.999529171925035653e-01 2.783485151129259521e+02
9.999628174297877647e-01 -1.986009030269648718e-03 -8.391634286635628673e-03 -5.219758350941849478e+00 1.999374050129499453e-03 9.999967458136845844e-01 1.584571058310362945e-03 0.000000000000000000e+00 8.388460006263363453e-03 -1.601290155717157273e-03 9.999635341394028654e-01 2.798986789963867636e+02
9.999696362180687803e-01 -2.373059593335847314e-03 -7.422616119444013644e-03 -5.260967014894137428e+00 2.389751493333545310e-03 9.999946340961205493e-01 2.240729068066284278e-03 0.000000000000000000e+00 7.417258906788391261e-03 -2.258399239013950035e-03 9.999699414998387548e-01 2.814493363737253162e+02
9.999792252950041593e-01 -1.904394307151834791e-03 -6.158105286007849871e-03 -5.300413236391079863e+00 1.923910240983285006e-03 9.999931413561129467e-01 3.164776470483019952e-03 0.000000000000000000e+00 6.152036067462918548e-03 -3.176558365010856075e-03 9.999760306773268770e-01 2.830033569158509295e+02
9.999827426932339502e-01 -3.023257929063451720e-03 -5.037283712424611530e-03 -5.319044871551104947e+00 3.043908952724164868e-03 9.999869744203409017e-01 4.097024277582136421e-03 0.000000000000000000e+00 5.024831737751583351e-03 -4.112286606967593093e-03 9.999789198602506701e-01 2.845543565021873746e+02
9.999795117438963210e-01 -3.150153146413898521e-03 -5.572488454944402037e-03 -5.334486315948421264e+00 3.158723590131427665e-03 9.999938409774085102e-01 1.529860294727264152e-03 0.000000000000000000e+00 5.567634839641136257e-03 -1.547430901296665585e-03 9.999833033105614000e-01 2.860996712936711788e+02
9.999587061273694788e-01 -5.057410269818579836e-03 -7.550406706077825505e-03 -5.341572321021342162e+00 5.064267634344045074e-03 9.999867810209824848e-01 8.893686592582018217e-04 0.000000000000000000e+00 7.545808995219194584e-03 -9.275692140905257392e-04 9.999710997733709528e-01 2.876547037289058721e+02
9.999519761734920742e-01 -5.658744739728576410e-03 -8.001497027834647557e-03 -5.383293014961945566e+00 5.662358001639282608e-03 9.999838767042421583e-01 4.289911502363389262e-04 0.000000000000000000e+00 7.998940465916957315e-03 -4.742778891611596848e-04 9.999678954906056072e-01 2.892083856859890716e+02
9.999348443080341431e-01 -8.473690781758339355e-03 -7.648771351675128644e-03 -5.431101316322148875e+00 8.482963521532846038e-03 9.999633219783634619e-01 1.180689577567443048e-03 0.000000000000000000e+00 7.638486011484662934e-03 -1.245496897282524339e-03 9.999700506859868776e-01 2.907648030115541360e+02
9.999269625167634956e-01 -8.153005173182993615e-03 -8.921778893970479241e-03 -5.440085996429441018e+00 8.158403373584637019e-03 9.999665578836210988e-01 5.688310533425623575e-04 0.000000000000000000e+00 8.916842848282055187e-03 -6.415769783816692310e-04 9.999600383478353116e-01 2.923241015902818276e+02
9.999138016542011842e-01 -8.391525495894797820e-03 -1.009809691385166706e-02 -5.451266894907763394e+00 8.397350413252702497e-03 9.999645987432904670e-01 5.345710406874980367e-04 0.000000000000000000e+00 1.009325356201350686e-02 -6.193222198413170839e-04 9.999488700291256915e-01 2.938869475096138331e+02
9.999177477205956066e-01 -7.840571799912860948e-03 -1.015003582302288071e-02 -5.517481898549423391e+00 7.845426225811403392e-03 9.999691280093626622e-01 4.385379353033030340e-04 0.000000000000000000e+00 1.014628408304350804e-02 -5.181332217980455816e-04 9.999483908968878065e-01 2.954551669929508080e+02
9.998994547829045398e-01 -8.162799198233965797e-03 -1.159521599998313696e-02 -5.525503129305412209e+00 8.169794531469244669e-03 9.999664720678460572e-01 5.560552932820057382e-04 0.000000000000000000e+00 1.159028826866585413e-02 -6.507299168503318312e-04 9.999326186140888861e-01 2.970272847551203768e+02
9.998857766098052657e-01 -8.363915926649515345e-03 -1.258883011897885852e-02 -5.581671150282160099e+00 8.387103072868461184e-03 9.999632251382147841e-01 1.790215968945424278e-03 0.000000000000000000e+00 1.257339395063662019e-02 -1.895595300183575398e-03 9.999191549735529927e-01 2.986045191284028988e+02
9.999157885900027409e-01 -5.148126529456041774e-03 -1.191270421254993564e-02 -5.662348396682766349e+00 5.186193336119877123e-03 9.999815372265541402e-01 3.166797228902578590e-03 0.000000000000000000e+00 1.189618119816360058e-02 -3.228312135645633723e-03 9.999240265508473335e-01 3.001893157874162625e+02
9.999249732315836914e-01 -4.464542351604897270e-03 -1.140682994497198982e-02 -5.715799601686845755e+00 4.505313150768679165e-03 9.999835459581926100e-01 3.551051433569403851e-03 0.000000000000000000e+00 1.139078843699745450e-02 -3.602176350616096388e-03 9.999286345856523983e-01 3.017731572601613266e+02
9.999295333636103456e-01 -4.364730947536990535e-03 -1.103981118381248440e-02 -5.741916907631648748e+00 4.400591375342375808e-03 9.999851134925025198e-01 3.226079497623585320e-03 0.000000000000000000e+00 1.102556587055820818e-02 -3.274433864534135024e-03 9.999338553024922360e-01 3.033652671333931039e+02
9.999244475094700713e-01 -4.095539836948935974e-03 -1.158990191118295342e-02 -5.754818730665899551e+00 4.148842874393039552e-03 9.999809106960222405e-01 4.578793110434568880e-03 0.000000000000000000e+00 1.157092803843353182e-02 -4.626531853171158420e-03 9.999223513990200818e-01 3.049620561743586791e+02
9.999277813456513009e-01 -6.386866197442571565e-03 -1.018037491082553897e-02 -5.821993427904305740e+00 6.422283621993553002e-03 9.999734251768241933e-01 3.450103360787823599e-03 0.000000000000000000e+00 1.015806902062992706e-02 -3.515235454021869814e-03 9.999422267078630355e-01 3.065601971078139627e+02
9.999312781430602648e-01 -7.868148521015704694e-03 -8.690870498497562519e-03 -5.898467556726862071e+00 7.881009775732753658e-03 9.999678979968863457e-01 1.446603122763969211e-03 0.000000000000000000e+00 8.679209415925035961e-03 -1.514996544870023673e-03 9.999611873014813135e-01 3.081617958524234382e+02
9.999362324059655194e-01 -7.240348825171191542e-03 -8.666514330310751135e-03 -5.910414516684039832e+00 7.238807294261087599e-03 9.999737776025977576e-01 -2.092274792485482977e-04 0.000000000000000000e+00 8.667801953461597153e-03 1.464789101649093580e-04 9.999624231706054633e-01 3.097696922650881675e+02
9.999288163751436365e-01 -6.119848536167069725e-03 -1.024254052878188596e-02 -5.965543267057696220e+00 6.106176390003541232e-03 9.999804247090264830e-01 -1.365579964699065651e-03 0.000000000000000000e+00 1.025069717061887278e-02 1.302939998616024211e-03 9.999466113522665900e-01 3.113834989419140129e+02
9.998985506158547532e-01 -3.958267793987326096e-03 -1.368285760977388729e-02 -5.950077745065535773e+00 3.960888753751542167e-03 9.999921421263078258e-01 1.644564063632838959e-04 0.000000000000000000e+00 1.368209912911033145e-02 -2.186359991884450466e-04 9.999063717977425547e-01 3.129954486240653182e+02
9.999074628504031059e-01 -2.760884759932326175e-03 -1.332078268711531753e-02 -6.029451478267283449e+00 2.807884800589680995e-03 9.999898945859521104e-01 3.510912832007800476e-03 0.000000000000000000e+00 1.331095484935952179e-02 -3.547991165381531291e-03 9.999051106178491466e-01 3.146178417609496023e+02
9.998966730549626591e-01 -5.055021951579990840e-03 -1.345696721671599261e-02 -6.033581173481225690e+00 5.142441046285931884e-03 9.999658496000745078e-01 6.469538907646548570e-03 0.000000000000000000e+00 1.342380399470899204e-02 -6.538072090529763181e-03 9.998885213360813040e-01 3.162453963683142888e+02
9.998930359458448880e-01 -5.807419372695047863e-03 -1.342350726214141220e-02 -6.055704479808018625e+00 5.904218798644127533e-03 9.999567725590189360e-01 7.182841618692106800e-03 0.000000000000000000e+00 1.338121322470606916e-02 -7.261328636753671545e-03 9.998841014032920915e-01 3.178745809907538273e+02
9.999101845701081626e-01 -5.605954817905003940e-03 -1.217358055535236287e-02 -6.121635955889872527e+00 5.676712282727574416e-03 9.999671502052669414e-01 5.785624253840292164e-03 0.000000000000000000e+00 1.214074670756955417e-02 -5.854210529774720936e-03 9.999091611183792416e-01 3.195020449665286719e+02
9.999114076237834992e-01 -5.550481377408068677e-03 -1.209830815811608826e-02 -6.115353554307021433e+00 5.612142150169167551e-03 9.999714058305961828e-01 5.068666654819219998e-03 0.000000000000000000e+00 1.206982867716728178e-02 -5.136115034756555398e-03 9.999139660781114491e-01 3.211322882052749037e+02
9.999191853687579012e-01 -5.165691922990842642e-03 -1.161629710459632057e-02 -6.175087717356929851e+00 5.233117101152913973e-03 9.999695940527691951e-01 5.781475186814595373e-03 0.000000000000000000e+00 1.158607858040399535e-02 -5.841797402059959246e-03 9.999158145495287142e-01 3.227632070457876239e+02
9.999152197161405020e-01 -6.094087661520797110e-03 -1.150719234144787981e-02 -6.216081926286055825e+00 6.168817313814495273e-03 9.999600423689816164e-01 6.469880861515615693e-03 0.000000000000000000e+00 1.146730452017255368e-02 -6.540318110529468217e-03 9.999128587862347040e-01 3.243890309096570945e+02
9.999154537547570998e-01 -5.596096657155733532e-03 -1.173750589388777160e-02 -6.231449955591043199e+00 5.670007753441455405e-03 9.999642483123705183e-01 6.273205650993787102e-03 0.000000000000000000e+00 1.170198079307031326e-02 -6.339227024435289959e-03 9.999114350012490160e-01 3.260179223997652684e+02
9.999176070775199765e-01 -5.207274056955340201e-03 -1.173300273801829337e-02 -6.239411480652406361e+00 5.273255994348333836e-03 9.999704175292009056e-01 5.599717642981703186e-03 0.000000000000000000e+00 1.170349638239881820e-02 -5.661127392900533462e-03 9.999154863332573306e-01 3.276479185567212085e+02
9.999088239535979250e-01 -7.399686051781718607e-03 -1.129550468355534215e-02 -6.259604035162595004e+00 7.487997566463336883e-03 9.999415734844369075e-01 7.796121465233054812e-03 0.000000000000000000e+00 1.123715587531082249e-02 -7.879991357283558026e-03 9.999058115962967674e-01 3.292748308459283066e+02
9.998935228582431778e-01 -9.698399636256295822e-03 -1.090339353670152778e-02 -6.356130550890578768e+00 9.795998085893223295e-03 9.999121097293889315e-01 8.933713562169308744e-03 0.000000000000000000e+00 1.081579251013114508e-02 -9.039571948099815388e-03 9.999006474502248887e-01 3.308990128316560231e+02
9.999130171680760126e-01 -8.889467123069295929e-03 -9.743483570623271556e-03 -6.399065112351157047e+00 8.967826872618859038e-03 9.999275595749839152e-01 8.028305150362683579e-03 0.000000000000000000e+00 9.671410393844070280e-03 -8.114984699443349159e-03 9.999203022462979096e-01 3.325173560598255449e+02
9.999246019982156453e-01 -8.029798371897841833e-03 -9.290460527044538605e-03 -6.452330871133565182e+00 8.106446912852685593e-03 9.999331735067022997e-01 8.242210823042680698e-03 0.000000000000000000e+00 9.223656387098592979e-03 -8.316902001875424444e-03 9.999228736777401316e-01 3.341369158133600763e+02
9.999156824538740773e-01 -8.203629819725683642e-03 -1.006620288750403359e-02 -6.522585250910682753e+00 8.290867478237583590e-03 9.999281694716781743e-01 8.655484588630262335e-03 0.000000000000000000e+00 9.994473435356848040e-03 -8.738212333559215381e-03 9.999118731898174461e-01 3.357489216318357421e+02
9.999218036527465214e-01 -6.124113928391866461e-03 -1.090329346659982962e-02 -6.528770294281127207e+00 6.184022601999394735e-03 9.999659215180390914e-01 5.469338810432786656e-03 0.000000000000000000e+00 1.086942704492197508e-02 -5.536337341350249831e-03 9.999255994945642767e-01 3.373567597439742372e+02
9.999237358375652196e-01 -2.848982398050851732e-03 -1.201689676795283414e-02 -6.595286902898280346e+00 2.902475173219204018e-03 9.999859470098556580e-01 4.436374720109576009e-03 0.000000000000000000e+00 1.200408874113218123e-02 -4.470915128236047434e-03 9.999179530198549770e-01 3.389672791413482855e+02
9.999145822641687387e-01 -2.212999883435314268e-03 -1.288141323680043297e-02 -6.637131689667698176e+00 2.317589747339669857e-03 9.999644262177334042e-01 8.110183523733502722e-03 0.000000000000000000e+00 1.286300716101787187e-02 -8.139344601469136395e-03 9.998841403463902822e-01 3.405748153274536776e+02
9.999020779552840743e-01 -1.200449427468906543e-03 -1.394250414614553457e-02 -6.686782148601285947e+00 1.350636117728446677e-03 9.999411172428360750e-01 1.076744302111328801e-02 0.000000000000000000e+00 1.392875740224946285e-02 -1.078521990074817957e-02 9.998448223344098551e-01 3.421918424661657809e+02
9.998703329469578183e-01 -9.089368248608055813e-04 -1.607765923187340351e-02 -6.688930480202376572e+00 1.062968275116856886e-03 9.999535983009318896e-01 9.574515311532701134e-03 0.000000000000000000e+00 1.606821057162099997e-02 -9.590363854050073036e-03 9.998249034356859744e-01 3.437986716259772493e+02
9.998529204478143750e-01 -9.015327607700287073e-04 -1.712672504146371330e-02 -6.785249038364038476e+00 1.068575081389615961e-03 9.999519291556088207e-01 9.746667392383339887e-03 0.000000000000000000e+00 1.711711480536659905e-02 -9.763535048513545880e-03 9.998058200291204400e-01 3.453956484833180980e+02
9.998196307013702544e-01 -2.089270285880535233e-03 -1.887699694961525801e-02 -6.833118979913748170e+00 2.300025279567276693e-03 9.999351933506873680e-01 1.114984225999757217e-02 0.000000000000000000e+00 1.885247856056762594e-02 -1.119124874095615667e-02 9.997596411156767227e-01 3.469980265149229695e+02
9.997729361565518280e-01 -3.588797400284594874e-03 -2.100468190937508639e-02 -6.840360823959016123e+00 3.829131166825798776e-03 9.999275390964579291e-01 1.141290107708464729e-02 0.000000000000000000e+00 2.096220130142999530e-02 -1.149073930205002196e-02 9.997142336822538722e-01 3.485980030002431818e+02
9.997121320009335621e-01 -5.505912142042681395e-03 -2.335247442174965063e-02 -6.804971161618110997e+00 5.777953655513800961e-03 9.999160480650766125e-01 1.159793401690860197e-02 0.000000000000000000e+00 2.328665673061023136e-02 -1.172952485780061858e-02 9.996600171382898914e-01 3.501959821645533566e+02
9.996763356011059143e-01 -6.863320423438356438e-03 -2.449732377009796250e-02 -6.850344241896728192e+00 7.130723421940992832e-03 9.999157659705445456e-01 1.084498718326557670e-02 0.000000000000000000e+00 2.442082763977894422e-02 -1.101616068739051484e-02 9.996410692749186921e-01 3.517903772062861094e+02
9.996592004268144427e-01 -7.114470464533285445e-03 -2.511707212271478348e-02 -6.895231680272275732e+00 7.370661542687783306e-03 9.999216053969256501e-01 1.012207532296531196e-02 0.000000000000000000e+00 2.504308987389018346e-02 -1.030375516157562045e-02 9.996332708944535295e-01 3.533887158286899535e+02
9.996522910055847255e-01 -6.439061529282932850e-03 -2.557020871824323624e-02 -6.914373927514696483e+00 6.695058512551376600e-03 9.999281979000355092e-01 9.938573131310100839e-03 0.000000000000000000e+00 2.550437763965481691e-02 -1.010631144358780514e-02 9.996236237655773404e-01 3.549805947310636611e+02
9.996597740496384610e-01 -6.460234895412573543e-03 -2.527056612163266699e-02 -6.975139269769773165e+00 6.699525304298721215e-03 9.999334139351696571e-01 9.395959591230153979e-03 0.000000000000000000e+00 2.520818334805131206e-02 -9.562063639134784146e-03 9.996364911462853886e-01 3.565728482296407833e+02
9.996383860139052002e-01 -8.032731316234982197e-03 -2.566266617289501839e-02 -7.038308709553132481e+00 8.259201126911955640e-03 9.999277741247524220e-01 8.731101342310844393e-03 0.000000000000000000e+00 2.559067807319178114e-02 -8.939897175326463885e-03 9.996325302001001223e-01 3.581631194641375373e+02
9.996055836410771001e-01 -9.334761200578066756e-03 -2.648658881199296433e-02 -7.054893613813512765e+00 9.576361220905896254e-03 9.999135577312202594e-01 9.009460086295578707e-03 0.000000000000000000e+00 2.640019809271200099e-02 -9.259551749825995978e-03 9.996085685117266362e-01 3.597542059347270538e+02
9.996076729487619605e-01 -7.962587746757907384e-03 -2.685325638210209892e-02 -7.117733300605308955e+00 8.165620042140610615e-03 9.999388363126018309e-01 7.459643631697192995e-03 0.000000000000000000e+00 2.679221587094612195e-02 -7.675990500218607578e-03 9.996115527236419940e-01 3.613446549852042722e+02
9.995189012309996235e-01 -8.935144867337995594e-03 -2.970066107280129944e-02 -7.161336163885373196e+00 9.087966040312513150e-03 9.999461310008415094e-01 5.014376300527367825e-03 0.000000000000000000e+00 2.965425694925038352e-02 -5.281882489466574807e-03 9.995462604412866936e-01 3.629298437782400697e+02
9.994775039484403711e-01 -1.186502811232371425e-02 -3.006559842871534341e-02 -7.232953079601998958e+00 1.209654846024285982e-02 9.998984785124703789e-01 7.530350840444168144e-03 0.000000000000000000e+00 2.997319830002183327e-02 -7.890106230242586310e-03 9.995195613930466516e-01 3.645264368823804375e+02
9.994451044625323188e-01 -1.345485881387864339e-02 -3.047047653324573557e-02 -7.313542671834449393e+00 1.370985848257205882e-02 9.998725937202441738e-01 8.175335315736062883e-03 0.000000000000000000e+00 3.035659642075886136e-02 -8.588544779819594355e-03 9.995022330902105789e-01 3.661220512858084248e+02
9.994034571088786789e-01 -1.467254232428548584e-02 -3.126413952997935536e-02 -7.389009572234634504e+00 1.489491907958041123e-02 9.998653128816779034e-01 6.891841671274610663e-03 0.000000000000000000e+00 3.115880781450518569e-02 -7.353407220510829387e-03 9.994873966678287092e-01 3.677179820461280428e+02
9.994136910178409439e-01 -1.329904038330519817e-02 -3.155011459510156935e-02 -7.410528880320032208e+00 1.349816035964334845e-02 9.998902482294937943e-01 6.106649036274071005e-03 0.000000000000000000e+00 3.146543934202503112e-02 -6.528937159263189724e-03 9.994835161755242225e-01 3.693239844595420891e+02
9.994262006588934266e-01 -1.261853891337652057e-02 -3.143313398639443340e-02 -7.495371460952043208e+00 1.285554944063441347e-02 9.998903538901835475e-01 7.349492902757685450e-03 0.000000000000000000e+00 3.133694760334652246e-02 -7.749365976608950206e-03 9.994788357148295388e-01 3.709109352894494123e+02
9.994230033610068675e-01 -1.182661126178059449e-02 -3.184009451797346901e-02 -7.552860003320366111e+00 1.208912146580641556e-02 9.998944005692214088e-01 8.064790914045971357e-03 0.000000000000000000e+00 3.174135307506852077e-02 -8.445056326905061445e-03 9.994604382008347443e-01 3.725507343984605200e+02
9.994225788324413440e-01 -1.175322920171492126e-02 -3.188056654499963477e-02 -7.615610696541998514e+00 1.200900531248370005e-02 9.998971274115933117e-01 7.843365695507449956e-03 0.000000000000000000e+00 3.178510203386714084e-02 -8.221690663134034044e-03 9.994609102367845166e-01 3.741599271844989971e+02
9.994568318810861385e-01 -1.231929426165827117e-02 -3.056593193575888115e-02 -7.686114425918423088e+00 1.253408330457055596e-02 9.998980131345316380e-01 6.845442667672551121e-03 0.000000000000000000e+00 3.047848358959629259e-02 -7.224840378620444627e-03 9.995093114721781413e-01 3.757146611053577203e+02
9.994579845451070366e-01 -1.169173593602193355e-02 -3.077402215861911247e-02 -7.723977721158123089e+00 1.190142851573729003e-02 9.999071314529768273e-01 6.639613599492752254e-03 0.000000000000000000e+00 3.069353561097271088e-02 -7.002269651170021751e-03 9.995043146937563350e-01 3.773208181646380126e+02
9.994936264439899798e-01 -1.038513978121669012e-02 -3.007722675963533931e-02 -7.793607990663253382e+00 1.058225865827454662e-02 9.999235121241180080e-01 6.402007735440098934e-03 0.000000000000000000e+00 3.000844047123511771e-02 -6.717050921311740891e-03 9.995270755349301428e-01 3.789253102280376311e+02
9.995215401478537709e-01 -9.147337379624498679e-03 -2.954686107371677292e-02 -7.882323636968391334e+00 9.340756336993154274e-03 9.999357982774492726e-01 6.414794952288566283e-03 0.000000000000000000e+00 2.948628582069018345e-02 -6.687715760256933255e-03 9.995428121928622289e-01 3.805374485647733422e+02
9.995624157959734912e-01 -5.485337067173659716e-03 -2.906695727732123979e-02 -7.957903141904226985e+00 5.657525325058348348e-03 9.999669140989744243e-01 5.844922117230421342e-03 0.000000000000000000e+00 2.903393420290530103e-02 -6.006811518557223992e-03 9.995603778062066569e-01 3.821492212776908559e+02
9.995730523491388464e-01 -3.445607927051833573e-03 -2.901449298924556330e-02 -8.039739870043101533e+00 3.573505554981514995e-03 9.999841216027113289e-01 4.357361642988609972e-03 0.000000000000000000e+00 2.899901852578071898e-02 -4.459184729543454878e-03 9.995694936301797728e-01 3.837681982789192148e+02
9.996025982161221846e-01 -1.847691628551660203e-03 -2.812884063037869239e-02 -8.131740591879191626e+00 1.949498907248019578e-03 9.999916472875323148e-01 3.592326427558684056e-03 0.000000000000000000e+00 2.812196816679375308e-02 -3.645735974699459373e-03 9.995978508958655029e-01 3.853764046886873871e+02
9.996241761131746673e-01 -1.518432801287781034e-03 -2.737153433533475247e-02 -8.197415119001176365e+00 1.634185830755733107e-03 9.999898148909304174e-01 4.207083438344807851e-03 0.000000000000000000e+00 2.736486737978172448e-02 -4.250232489471956511e-03 9.996164762332986342e-01 3.869921333526446574e+02
9.996315197759308990e-01 -2.295094450776625518e-04 -2.714354427598805741e-02 -8.281150132561702293e+00 3.666264093334865902e-04 9.999871982162865658e-01 5.046680949067701601e-03 0.000000000000000000e+00 2.714203852926099989e-02 -5.054772887115571885e-03 9.996188068536626670e-01 3.886082499741942797e+02
9.996611815516466271e-01 1.292147487567265208e-03 -2.599716241479202092e-02 -8.349236974616115248e+00 -1.155086605736599164e-03 9.999853593755024805e-01 5.286474209232705154e-03 0.000000000000000000e+00 2.600361270446673728e-02 -5.254654080151880888e-03 9.996480384299359923e-01 3.902273570656120683e+02
9.996610242092373033e-01 2.628288930926803851e-03 -2.590229283709519215e-02 -8.425470897958001970e+00 -2.526637048080576393e-03 9.999889815085584166e-01 3.956383030881545533e-03 0.000000000000000000e+00 2.591240595062993882e-02 -3.889596220103161764e-03 9.996566501850017161e-01 3.918558862610765914e+02
9.996991690291087140e-01 2.795289690995477264e-03 -2.436714587384454858e-02 -8.537459549516768220e+00 -2.691468545594961383e-03 9.999871653190982590e-01 4.292457818808475406e-03 0.000000000000000000e+00 2.437883179239282855e-02 -4.225583107890500123e-03 9.996938616435739888e-01 3.934744048763703859e+02
